[LEFT_CAM_2K]
fx=1400.63
fy=1400.64
cx=1086.66
cy=635.331
k1=-0.170962
k2=0.0251493
p1=0.000113222
p2=5.53321e-05
k3=0

[RIGHT_CAM_2K]
fx=1400.71
fy=1400.46
cx=1092.15
cy=616.863
k1=-0.173858
k2=0.0268621
p1=-6.45996e-05
p2=-0.000145994
k3=0

[LEFT_CAM_FHD]
fx=1400.63
fy=1400.64
cx=942.66
cy=554.331
k1=-0.170962
k2=0.0251493
p1=0.000113222
p2=5.53321e-05
k3=0

[RIGHT_CAM_FHD]
fx=1400.71
fy=1400.46
cx=948.15
cy=535.863
k1=-0.173858
k2=0.0268621
p1=-6.45996e-05
p2=-0.000145994
k3=0

[LEFT_CAM_HD]
fx=700.315
fy=700.32
cx=629.83
cy=365.6655
k1=-0.170962
k2=0.0251493
p1=0.000113222
p2=5.53321e-05
k3=0

[RIGHT_CAM_HD]
fx=700.355
fy=700.23
cx=632.575
cy=356.4315
k1=-0.173858
k2=0.0268621
p1=-6.45996e-05
p2=-0.000145994
k3=0

[LEFT_CAM_VGA]
fx=350.1575
fy=350.16
cx=330.415
cy=190.33275
k1=-0.170962
k2=0.0251493
p1=0.000113222
p2=5.53321e-05
k3=0

[RIGHT_CAM_VGA]
fx=350.1775
fy=350.115
cx=331.7875
cy=185.71575
k1=-0.173858
k2=0.0268621
p1=-6.45996e-05
p2=-0.000145994
k3=0

[STEREO]
Baseline=62.9684
TY=0.0838058
TZ=-0.191005
CV_2K=0.00341577
CV_FHD=0.00341577
CV_HD=0.00341577
CV_VGA=0.00341577
RX_2K=-0.0036047
RX_FHD=-0.0036047
RX_HD=-0.0036047
RX_VGA=-0.0036047
RZ_2K=-0.000600943
RZ_FHD=-0.000600943
RZ_HD=-0.000600943
RZ_VGA=-0.000600943

[MISC]
Sensor_ID=0


