[LEFT_CAM_2K]
fx=1064.53
fy=1065.18
cx=1113.22
cy=613.49
k1=-0.066683
k2=0.0459826
p1=-6.73591e-06
p2=-3.90111e-05
k3=-0.0187466

[RIGHT_CAM_2K]
fx=1064.91
fy=1065.66
cx=1098.54
cy=631.415
k1=-0.061386
k2=0.0360416
p1=-0.000238498
p2=6.54773e-05
k3=-0.0138073

[LEFT_CAM_FHD]
fx=1064.53
fy=1065.18
cx=969.22
cy=532.49
k1=-0.066683
k2=0.0459826
p1=-6.73591e-06
p2=-3.90111e-05
k3=-0.0187466

[RIGHT_CAM_FHD]
fx=1064.91
fy=1065.66
cx=954.54
cy=550.415
k1=-0.061386
k2=0.0360416
p1=-0.000238498
p2=6.54773e-05
k3=-0.0138073

[LEFT_CAM_HD]
fx=532.265
fy=532.59
cx=643.11
cy=354.745
k1=-0.066683
k2=0.0459826
p1=-6.73591e-06
p2=-3.90111e-05
k3=-0.0187466

[RIGHT_CAM_HD]
fx=532.455
fy=532.83
cx=635.77
cy=363.7075
k1=-0.061386
k2=0.0360416
p1=-0.000238498
p2=6.54773e-05
k3=-0.0138073

[LEFT_CAM_VGA]
fx=266.1325
fy=266.295
cx=337.055
cy=184.8725
k1=-0.066683
k2=0.0459826
p1=-6.73591e-06
p2=-3.90111e-05
k3=-0.0187466

[RIGHT_CAM_VGA]
fx=266.2275
fy=266.415
cx=333.385
cy=189.35375
k1=-0.061386
k2=0.0360416
p1=-0.000238498
p2=6.54773e-05
k3=-0.0138073

[LEFT_DISTO]
k1=-1.51296
k2=2.18812
k3=0.162432
k4=-1.4259
k5=2.03299
k6=0.312579
p1=-0.000127157
p2=-9.60378e-05

[RIGHT_DISTO]
k1=-1.50644
k2=3.71045
k3=-0.0445357
k4=-1.41309
k5=3.56309
k6=0.154163
p1=-0.000248889
p2=0.000285821

[STEREO]
Baseline=120.106
TY=-0.00787974
TZ=0.492182
CV_2K=0.00461099
CV_FHD=0.00461099
CV_HD=0.00461099
CV_VGA=0.00461099
RX_2K=0.00336305
RX_FHD=0.00336305
RX_HD=0.00336305
RX_VGA=0.00336305
RZ_2K=0.000626264
RZ_FHD=0.000626264
RZ_HD=0.000626264
RZ_VGA=0.000626264

[MISC]
Sensor_ID=0


